userid time
6800464691 1700738360
6900160669 1700740473
5645850822 1700740827
6274044926 1700741573
6726606001 1700743528
6868584623 1700744797
6791614733 1700745940
6366036394 1700749733
6683360280 1700771429
6882476647 1700788269
331346807 1700791279
1121908060 1700795921
6676537290 1700812779
6373958442 1700813080
5681032659 1700813431
6955705204 1700821599
6583845527 1700824161
945033440 1700827977
6504395933 1700829021
6543048332 1700829333
2103393318 1700831467
6330270886 1700838487
5908403490 1700838612
5632777318 1700841111
6365342224 1700841791
6427860198 1700841812
5925706549 1700842819
6748734096 1700843761
6209748435 1700844974
6980448236 1700847387
6257705976 1700858488
6832132458 1700894881
6639940825 1700901120
6304742182 1700902311
6830520607 1700903151
6136191455 1700903353
6397677795 1700910451
6629966857 1700910853
6538263523 1700912898
6767532595 1700913973
6156825202 1700918876
6347555062 1700921407
6961641245 1700923831
6874703016 1700926236
6487393944 1700926981
6818064519 1700927034
6960917860 1700928025
6397079717 1700930681
6547170606 1700931277
6588200679 1700932423
996268614 1701011856
6586882470 1701053557
6648584683 1701072212
6560939615 1701073966
6199739487 1701074546
6587385261 1701074597
6371273972 1701078991
6961320465 1701080048
5923755349 1701080325
6986649930 1701080827
6546753153 1701081494
5959734034 1701082619
6924978994 1701083451
6109838793 1701089739
6080602047 1701092489
6648694479 1701092853
6627752054 1701096134
1176407017 1701099620
6470827463 1701112910
5499454635 1701140504
6639600330 1701159822
6569617616 1701161792
6782137621 1701162487
1122018842 1701166278
6498373020 1701167150
6891740643 1701167900
6750544858 1701172746
6819514832 1701176452
6431143580 1701180709
5353438186 1701186042
6785490748 1701187934
6467220513 1701194982
6166568161 1701195306
937800449 1701199200
6370849812 1701220193
5556467318 1701244469
6769297040 1701249635
6835982607 1701252256
6901415900 1701252372
6738700400 1701253617
5207492176 1701264263
5929477851 1701266111
5573768551 1701266702
6849400929 1701267036
6832395741 1701269688
6877631652 1701271215
6795117189 1701271858
6666982194 1701272179
6037077820 1701273563
6524256711 1701276652
6842932367 1701278853
6512631778 1701279402
5907064480 1701283895
6769655060 1701284299
6588205305 1701285893
6504876409 1701289466
970424377 1701296465
998533450 1701297074
6686439205 1701330276
6515896071 1701334177
5954317895 1701335006
6289309653 1701335298
6247713796 1701339636
6883911576 1701342867
6810477501 1701344209
6521385932 1701344293
6689756606 1701344514
6352963289 1701348754
2114535044 1701356252
6559874026 1701357728
6542681233 1701358600
6635985467 1701360786
6910191781 1701364202
6828335843 1701366084
5595817352 1701374217
5787477311 1701374280
1616284919 1701374319
5839363874 1701377052
6309637242 1701382297
1041497995 1701396307
6408921379 1701412775
6318679010 1701420688
6778434846 1701420953
6722734042 1701421952
6371514401 1701429716
6645104769 1701434746
6811396846 1701434966
6589247009 1701436260
6664427330 1701436938
6209437962 1701437309
6931562919 1701438352
6799326647 1701439555
5623095458 1701440675
6731043476 1701442247
6516666587 1701446056
6969937124 1701448817
6821554959 1701449941
6330594658 1701452903
6447016851 1701456301
1838385551 1701457869
6872195374 1701460667
6743930230 1701508889
6736020796 1701509057
6391337815 1701512634
6984425598 1701516957
6954529612 1701519271
6914898058 1701526576
734521013 1701535473
6716136839 1701535707
6812105076 1701536165
1887282573 1701536690
5148987154 1701542451
6753618957 1701548129
6600478075 1701598090
5531726604 1701655735
6874579372 1701680039
6395922987 1701680603
6723826856 1701684044
6737514921 1701685821
897710681 1701687161
6415669773 1701687202
6529299742 1701688146
6955261769 1701698094
6738818010 1701705015
6651216060 1701705575
5917291571 1701710159
6682300497 1701735811
6939445568 1701764749
6952293266 1701771062
6120079011 1701773737
6803357369 1701777814
6491116367 1701779094
6965806237 1701781575
6941462642 1701784197
811061028 1701788307
6448464427 1701788495
6893290975 1701789418
6718721087 1701791677
6498087846 1701795209
6715623219 1701796228
6622059333 1701797474
6005757706 1701798482
6673113879 1701799345
6848928880 1701800552
6083302071 1701803719
2091792747 1701812790
6474227956 1701819051
1364276970 1701824016
6703913656 1701843909
6819069847 1701848289
6525454644 1701850883
5761443587 1701851197
6665938030 1701851276
1045534902 1701853973
6521966137 1701854511
6740344931 1701854970
5999410147 1701855171
6611294820 1701855789
6941659098 1701856176
6977962643 1701857631
6403289980 1701858731
6860645349 1701861584
6705519321 1701862160
6789831040 1701864409
6892113354 1701865260
6822488743 1701866186
6650297506 1701866753
6548938896 1701872956
6538454765 1701873368
1861453233 1701880578
6693321564 1701880688
6470644959 1701882020
6716966106 1701884162